SIMPLE  = T
BITPIX  = -64
NAXIS   = 2
NAXIS1  = 1766
NAXIS2  = 1476
CTYPE1  = 'RA---TAN-SIP'
CTYPE2  = 'DEC--TAN-SIP'
CRVAL1  =   83.8209114093
CRVAL2  =   -5.3953928925
CRPIX1  =  883.5000000000
CRPIX2  =  738.5000000000
CDELT1  = -0.0000555544
CDELT2  = 0.0000555412
A_ORDER = 4
A_0_0   = -3.798e-03
A_0_1   =  6.570e-05
A_0_2   =  2.469e-14
A_0_3   = -1.347e-17
A_0_4   = -2.701e-23
A_1_0   =  2.008e-05
A_1_1   = -1.293e-11
A_1_2   = -1.172e-16
A_1_3   = -4.656e-21
A_1_4   =  1.088e-23
A_2_0   =  6.745e-10
A_2_1   = -1.053e-16
A_2_2   = -3.688e-20
A_2_3   =  1.268e-22
A_2_4   = -3.821e-26
A_3_0   = -9.783e-18
A_3_1   = -1.950e-20
A_3_2   =  1.278e-22
A_3_3   = -1.226e-25
A_3_4   =  3.814e-29
A_4_0   = -9.668e-22
A_4_1   =  1.310e-23
A_4_2   = -3.692e-26
A_4_3   =  3.616e-29
A_4_4   = -1.142e-32
B_ORDER = 4
B_0_0   = -7.361e-03
B_0_1   =  2.562e-04
B_0_2   = -1.309e-11
B_0_3   = -1.350e-17
B_0_4   = -6.026e-22
B_1_0   = -6.574e-05
B_1_1   =  6.745e-10
B_1_2   = -1.090e-16
B_1_3   = -1.099e-20
B_1_4   =  1.811e-23
B_2_0   = -5.637e-14
B_2_1   = -1.048e-16
B_2_2   = -1.640e-20
B_2_3   =  1.547e-22
B_2_4   = -5.651e-26
B_3_0   = -1.123e-17
B_3_1   = -6.360e-21
B_3_2   =  1.392e-22
B_3_3   = -1.601e-25
B_3_4   =  5.769e-29
B_4_0   = -7.090e-22
B_4_1   =  1.411e-23
B_4_2   = -4.587e-26
B_4_3   =  5.183e-29
B_4_4   = -1.838e-32
AP_ORDER= 4
AP_0_0  =  3.796e-03
AP_0_1  = -6.569e-05
AP_0_2  =  1.251e-13
AP_0_3  =  1.014e-16
AP_0_4  =  6.738e-21
AP_1_0  = -2.009e-05
AP_1_1  =  1.341e-11
AP_1_2  =  5.183e-16
AP_1_3  =  1.295e-19
AP_1_4  = -1.178e-22
AP_2_0  = -6.743e-10
AP_2_1  =  4.085e-16
AP_2_2  =  2.429e-19
AP_2_3  = -6.891e-22
AP_2_4  =  1.782e-25
AP_3_0  =  4.826e-17
AP_3_1  =  6.895e-20
AP_3_2  = -5.445e-22
AP_3_3  =  4.355e-25
AP_3_4  = -1.109e-28
AP_4_0  =  2.543e-21
AP_4_1  = -6.099e-23
AP_4_2  =  1.319e-25
AP_4_3  = -1.026e-28
AP_4_4  =  2.537e-32
BP_ORDER= 4
BP_0_0  =  7.332e-03
BP_0_1  = -2.561e-04
BP_0_2  =  1.325e-11
BP_0_3  =  1.180e-16
BP_0_4  =  6.386e-21
BP_1_0  =  6.572e-05
BP_1_1  = -6.739e-10
BP_1_2  =  6.590e-16
BP_1_3  =  1.466e-19
BP_1_4  = -1.622e-22
BP_2_0  =  7.248e-14
BP_2_1  =  5.859e-16
BP_2_2  =  3.126e-19
BP_2_3  = -9.861e-22
BP_2_4  =  3.205e-25
BP_3_0  =  8.190e-17
BP_3_1  =  1.201e-19
BP_3_2  = -8.966e-22
BP_3_3  =  8.225e-25
BP_3_4  = -2.652e-28
BP_4_0  =  5.126e-21
BP_4_1  = -1.204e-22
BP_4_2  =  2.632e-25
BP_4_3  = -2.395e-28
BP_4_4  =  7.658e-32
END
